12
25
24
23
19
27
26
20
17
16
13
10
9
8
4
24
26
38
55
59
56
53
52
51
50
46
60
47
44
43
42
39
36
35
31
47
56
74
79
78
66
12
25
24
23
19
27
26
20
17
16
13
10
9
8
4
24
26
38
55
59
56
53
52
51
50
46
60
47
44
43
42
39
36
35
31
47
56
74
79
78
66
12
25
24
23
19
27
26
20
17
16
13
10
9
8
4
24
26
38
55
59
56
53
52
51
50
46
60
47
44
43
42
39
36
35
31
47
56
74
12
25
24
23
19
27
26
20
17
16
13
10
9
8
4
24
26
38
55
59
56
53
52
51
50
46
60
47
44
43
42
39
36
35
31
47
56
74
75
72
71
70
69
65
79
78
66
63
62
61
32
29
28
5
2
1
0
12
25
24
23
19
27
26
20
17
16
13
10
9
8
4
38
55
59
56
53
52
51
50
46
60
47
44
43
42
39
36
35
31
74
75
72
71
70
69
65
79
78
66
63
62
61
32
29
28
5
2
1
0
12
25
24
23
19
12
25
24
12
25
24
23
19
27
26
20
17
16
13
10
9
8
4
38
55
59
56
53
52
51
50
46
60
47
44
43
42
39
36
35
31
74
75
72
71
70
69
65
79
78
66
63
62
61
32
29
28
5
2
1
0
12
25
24
23
19
27
26
20
17
16
13
10
9
8
4
38
55
59
56
53
52
51
50
46
60
47
44
43
42
39
36
35
31
74
75
72
71
70
69
65
79
78
66
63
62
61
32
29
28
5
2
1
0
12
12
24
23
19
26
20
17
16
13
10
9
8
4
24
26
38
